,TxHash,BlockHeight,TimeStamp,From,To,Value,ContractAddress,Input,isError
0,0xf3a49a806ebe9cb416d199b0f1ab5565d489e129b89817eb4c3f9d731f316d68,6488965,1539175435,0x5e6c93fca5a41a45f1cbeda619ed9af4ee356658,0xd343317205a5111d6afb8343c996f1b3a7678290,0.010000000000000000,NULL,0x,0
1,0x91615abe70a633a08f663a6b58c789dd06b89c8a1880fbcafd0c7003476fed3f,6488979,1539175705,0xd343317205a5111d6afb8343c996f1b3a7678290,0x5e6c93fca5a41a45f1cbeda619ed9af4ee356658,0.009370000000000000,NULL,0x,0
