,TxHash,BlockHeight,TimeStamp,From,To,Value,ContractAddress,Input,isError
0,0x88cdceaa97409cf8335b342584573803edac83cc4d21c7f5c28ee9ff7982c112,4946373,1516537965,0xe30e73646c41ddbdc9ad7142194a422e2cd0e464,0x2789b7b3557f39643198433daebf6b43512be65b,0.010000000000000000,NULL,0x,0
1,0x3e330ec8b94ac977d6e24271876013a59cf040a8a34816d01428ef36bb6a5642,4946656,1516541644,0x450057c8aaabd3c95d8d999e476ff4f061ccde04,0x2789b7b3557f39643198433daebf6b43512be65b,1.200000000000000000,NULL,0x,0
2,0x1880da9adc965beaee410b453983e4f3b9bb3f50802cd93864b0829ad19a6ac4,4947330,1516551819,0xa374e973cb5167d2edfc3aa7a3485b357afd0d9e,0x2789b7b3557f39643198433daebf6b43512be65b,0.067280000000000000,NULL,0x,0
3,0x1a0de69ab86b51372c63b75a1b8e1121f4c613eeacde1beba1e5a0554d35934d,4947677,1516557615,0x48cafb1d40ceec3aaaace30dbfdab6bc6b0757e5,0x2789b7b3557f39643198433daebf6b43512be65b,0.140000000000000000,NULL,0x,0
4,0xeef6923ccf58d83fa8e41b1e957c335339f6955d81e9374f55666f4c7859ef2c,4947917,1516561612,0x9a4d48c75b8dfb7b0f8269d30e212acdf975fee7,0x2789b7b3557f39643198433daebf6b43512be65b,0.093666000000000000,NULL,0x,0
5,0x070f0859f68f45edcdbf81855d69c0036bcea72e74f925818fed5a2731b8cb01,4949611,1516585775,0x8af43b4af53ede78e4186de00cdb68776527ea69,0x2789b7b3557f39643198433daebf6b43512be65b,0.200000000000000000,NULL,0x,0
6,0xf73f6befe2d6749590786c99a8a3e0cd50f219681cd66604abadb8edc231cc1b,4950082,1516592341,0xbed9dd8c879d5ed198227fa02c3296a6608dc481,0x2789b7b3557f39643198433daebf6b43512be65b,0.500000000000000000,NULL,0x,0
7,0x2228958088c0f3bebde0fac6a3ab96fe53995e8a0037c7724bc8240d3ab01bdf,4950310,1516595373,0x2b39d59625ed000de695809b45b3671f90ed0973,0x2789b7b3557f39643198433daebf6b43512be65b,1.500000000000000000,NULL,0x,0
8,0xf1e57e4a46a78e4546be68307ca1f7e8a5690a31d6396ddb6cbca86c7474059e,4950459,1516597612,0x8d7224062abb8932f917a5cea6be8dee09aa3a81,0x2789b7b3557f39643198433daebf6b43512be65b,0.500000000000000000,NULL,0x,0
9,0x934fef5650a141b30565f7d2cbc28217df508efb757a8264ae8e92f4dba50b24,4950614,1516599946,0x5e5ce3591897b8552289feb9c17cf23da1fd5c18,0x2789b7b3557f39643198433daebf6b43512be65b,0.026750700000000000,NULL,0x,0
10,0xea9e9709f6b6f1c82c96f6cd7070cf3aa28e12b34faecbd6064e0ddafdb1e2d4,4950677,1516600922,0x17a603316089f6729b5151f250417a251b8fddc5,0x2789b7b3557f39643198433daebf6b43512be65b,1.200000000000000000,NULL,0x,0
11,0x30bd9d9f8ce972d51968a05933b32b88df7328d34388bdebf8957b0c4cb32a36,4950715,1516601487,0x0bda0e0bc8a38b71048a001fd3effd4d546e131d,0x2789b7b3557f39643198433daebf6b43512be65b,0.500000000000000000,NULL,0x,0
12,0x6ccd6a83f8af49396e25d5bae15d6540a2b525f55e0755629e000a68c0ee16be,4953396,1516641234,0x003b41055bbe7600430cd423a98cd09db3cec69a,0x2789b7b3557f39643198433daebf6b43512be65b,0.024062382199781573,NULL,0x,0
13,0x3fce6c80d50c89245fbe644f5aa2c5d88a0410ebcaa86a49477ed3705754f2d7,4953445,1516642101,0x0681d8db095565fe8a346fa0277bffde9c0edbbf,0x2789b7b3557f39643198433daebf6b43512be65b,0.621378490000000000,NULL,0x,0
14,0x72570188c83b2812fc829e971aef6e0662e3a694b64e8ca30b7c86ee4d8381fa,4953638,1516644877,0xf5982522c05ece74de9e5e0fc7c978eb192d8da7,0x2789b7b3557f39643198433daebf6b43512be65b,0.700000000000000000,NULL,0x,0
15,0x9ea00fb5c5e7e5492bdc296c76bef340c0fbbb3aced766551594846df1f66627,4953713,1516645976,0xfd3ea8df0cef7bc6d20fc78a40c6ed409fc63e39,0x2789b7b3557f39643198433daebf6b43512be65b,0.196299440000000000,NULL,0x,0
16,0x681413c810339318965d08739bd53ad289f1aa89049685a5e79a84b279198e4e,4953811,1516647542,0xf5982522c05ece74de9e5e0fc7c978eb192d8da7,0x2789b7b3557f39643198433daebf6b43512be65b,0.380000000000000000,NULL,0x,0
17,0x9e023f40a388aa1cdfc976d8d958217a6c63af218ef173a9cb3900850bedce35,4955649,1516674612,0xc6ab0e94cfc026d43ad9de23214892388d86c452,0x2789b7b3557f39643198433daebf6b43512be65b,0.100000000000000000,NULL,0x,0
18,0xcd21c1fb58b23d3984cdc1bd494e9dffba267f10c5ead9a4c8b7178c77d2e9cb,4956270,1516683592,0xb21a63b5da6ddf03c145f6e7c86875cd6e639bff,0x2789b7b3557f39643198433daebf6b43512be65b,0.009500000000000000,NULL,0x,0
19,0x3326d0bda895cec121459be5a4b74ec5a522c15ab9058c83077c62d283898fb9,4956331,1516684472,0x499425b1436bec2ad3df71a9ca2f946003505f1e,0x2789b7b3557f39643198433daebf6b43512be65b,0.098060000000000000,NULL,0x,0
20,0xd5aa5584e395014938b22f204114ef73a8b05ec4c52b0bbd87a449869d751054,4956383,1516685244,0x56a3f09f655bf8e26cc0070c1ab0f96f5be0c218,0x2789b7b3557f39643198433daebf6b43512be65b,2.000000000000000000,NULL,0x,0
21,0x6230c041c3d1a030c887b1632f3286c995e2176b5284dd815cfd865cf60a9407,4956622,1516688755,0xe055ac073b9e04fc3c202064f5b16b0f66fde468,0x2789b7b3557f39643198433daebf6b43512be65b,2.000000000000000000,NULL,0x,0
22,0x1b4d6de544b735f31fbe8de6e23f45efdcef91ed3e83ab96e49060b720bbbffc,4956809,1516691343,0x36274395896c91467e10fbf593ea65a2c423210e,0x2789b7b3557f39643198433daebf6b43512be65b,0.100000000000000000,NULL,0x,0
23,0x192d9bea6c784ff03abb2cff02a7025bfe39c6e381eff2e3463bb88373dd0941,4956875,1516692295,0x7234aa670ceb4acf33ae0c0f99221613e894564a,0x2789b7b3557f39643198433daebf6b43512be65b,0.500000000000000000,NULL,0x,0
24,0x9e398e125b7e3b9e123602cba6b14208982ebc9a3196d897aa208e229e7bdc6e,4959546,1516732233,0x2789b7b3557f39643198433daebf6b43512be65b,0xd60e3b2b0c2ffb0928ae309650d2a7acb3600b3b,12.663330000000000000,NULL,0x,0
25,0x4bec5b677f2a6b48875c89a5e2ba9f07d966085f637ac92d9863978c28be5bc7,4963617,1516790521,0x3f5ce5fbfe3e9af3971dd833d26ba9b5c936f0be,0x2789b7b3557f39643198433daebf6b43512be65b,0.090000000000000000,NULL,0x,0
26,0x92877cf5bc60343a883c451e7b3fdd8846f38fcd469e71ec402caadf38c69186,4963680,1516791486,0x9691089e3adcb9dd13214057b54b46200d751cb5,0x2789b7b3557f39643198433daebf6b43512be65b,0.300000000000000000,NULL,0x,0
27,0x47af0e5da95c390bcb2a0e56514433f2e768c9f51066dc0c39616855e19333b6,4964254,1516799657,0x79e0d4ded5e201da8f199b476e1e72581cbdc66d,0x2789b7b3557f39643198433daebf6b43512be65b,0.050000000000000000,NULL,0x,0
28,0x680ffd60580465e2dc7a34ef8a071393602b37aa9d92f8a33232bd003dfc7106,4964758,1516807519,0x79e0d4ded5e201da8f199b476e1e72581cbdc66d,0x2789b7b3557f39643198433daebf6b43512be65b,0.546196870000000000,NULL,0x,0
29,0x92edacfe5161b37b66bac0d0afcd36f79648f5b0aad99701d8883c5247a08507,4969624,1516878470,0x2789b7b3557f39643198433daebf6b43512be65b,0x2e384a3f75419a31f7a52a921d9ad82088633264,0.210000000000000000,NULL,0x,0
30,0x4f3d50f7eb1ba1dc21ea1b1ae64babc8a4501f6f7c4ca7871ac61b63df0f4140,4969652,1516878832,0x2789b7b3557f39643198433daebf6b43512be65b,0x0dfb01908b2830ec4672d0887b8e7a2e146ee73f,0.220000000000000000,NULL,0x,0
31,0xb4d50fd3d28d266ca9bc5708f8601b9d04b49956558f75da3a7447c354702f23,4969971,1516883083,0x2789b7b3557f39643198433daebf6b43512be65b,0x3de147c1b2833273c3ba194d4b79daf27c8204ca,0.190000000000000000,NULL,0x,0
32,0x2b50b9976a48b727fa1a350351f2dd2abbf16d368f9edce8394cfc905ccf560d,4970019,1516883765,0x2789b7b3557f39643198433daebf6b43512be65b,0x3a47ea84e237789a704f895d45c9afade27bc214,0.210000000000000000,NULL,0x,0
33,0x5018649eba0905e9a00441b41aac977ef327b2aadc7624c3db77621fc49df462,4970042,1516884172,0x2789b7b3557f39643198433daebf6b43512be65b,0xb742764bbcf1e7bd8a8afd430084b9043c298b90,0.153088882199781573,NULL,0x,0
